2000.0, 2000.0, 20000.0 ../out/SKRU_12/D20000/00001_010.pk
2000.0, 6105.263157894737, 20000.0 ../out/SKRU_12/D20000/00002_010.pk
2000.0, 10210.526315789473, 20000.0 ../out/SKRU_12/D20000/00003_010.pk
2000.0, 14315.78947368421, 20000.0 ../out/SKRU_12/D20000/00004_010.pk
2000.0, 18421.052631578947, 20000.0 ../out/SKRU_12/D20000/00005_010.pk
2000.0, 22526.315789473683, 20000.0 ../out/SKRU_12/D20000/00006_010.pk
2000.0, 26631.57894736842, 20000.0 ../out/SKRU_12/D20000/00007_010.pk
2000.0, 30736.842105263157, 20000.0 ../out/SKRU_12/D20000/00008_010.pk
2000.0, 34842.10526315789, 20000.0 ../out/SKRU_12/D20000/00009_010.pk
2000.0, 38947.368421052626, 20000.0 ../out/SKRU_12/D20000/00010_010.pk
2000.0, 43052.63157894737, 20000.0 ../out/SKRU_12/D20000/00011_010.pk
2000.0, 47157.89473684211, 20000.0 ../out/SKRU_12/D20000/00012_010.pk
2000.0, 51263.15789473684, 20000.0 ../out/SKRU_12/D20000/00013_010.pk
2000.0, 55368.42105263157, 20000.0 ../out/SKRU_12/D20000/00014_010.pk
2000.0, 59473.68421052631, 20000.0 ../out/SKRU_12/D20000/00015_010.pk
2000.0, 63578.94736842105, 20000.0 ../out/SKRU_12/D20000/00016_010.pk
2000.0, 67684.21052631579, 20000.0 ../out/SKRU_12/D20000/00017_010.pk
2000.0, 71789.47368421052, 20000.0 ../out/SKRU_12/D20000/00018_010.pk
2000.0, 75894.73684210525, 20000.0 ../out/SKRU_12/D20000/00019_010.pk
2000.0, 80000.0, 20000.0 ../out/SKRU_12/D20000/00020_010.pk
6105.263157894737, 2000.0, 20000.0 ../out/SKRU_12/D20000/00021_010.pk
6105.263157894737, 6105.263157894737, 20000.0 ../out/SKRU_12/D20000/00022_010.pk
6105.263157894737, 10210.526315789473, 20000.0 ../out/SKRU_12/D20000/00023_010.pk
6105.263157894737, 14315.78947368421, 20000.0 ../out/SKRU_12/D20000/00024_010.pk
6105.263157894737, 18421.052631578947, 20000.0 ../out/SKRU_12/D20000/00025_010.pk
6105.263157894737, 22526.315789473683, 20000.0 ../out/SKRU_12/D20000/00026_010.pk
6105.263157894737, 26631.57894736842, 20000.0 ../out/SKRU_12/D20000/00027_010.pk
6105.263157894737, 30736.842105263157, 20000.0 ../out/SKRU_12/D20000/00028_010.pk
6105.263157894737, 34842.10526315789, 20000.0 ../out/SKRU_12/D20000/00029_010.pk
6105.263157894737, 38947.368421052626, 20000.0 ../out/SKRU_12/D20000/00030_010.pk
6105.263157894737, 43052.63157894737, 20000.0 ../out/SKRU_12/D20000/00031_010.pk
6105.263157894737, 47157.89473684211, 20000.0 ../out/SKRU_12/D20000/00032_010.pk
6105.263157894737, 51263.15789473684, 20000.0 ../out/SKRU_12/D20000/00033_010.pk
6105.263157894737, 55368.42105263157, 20000.0 ../out/SKRU_12/D20000/00034_010.pk
6105.263157894737, 59473.68421052631, 20000.0 ../out/SKRU_12/D20000/00035_010.pk
6105.263157894737, 63578.94736842105, 20000.0 ../out/SKRU_12/D20000/00036_010.pk
6105.263157894737, 67684.21052631579, 20000.0 ../out/SKRU_12/D20000/00037_010.pk
6105.263157894737, 71789.47368421052, 20000.0 ../out/SKRU_12/D20000/00038_010.pk
6105.263157894737, 75894.73684210525, 20000.0 ../out/SKRU_12/D20000/00039_010.pk
6105.263157894737, 80000.0, 20000.0 ../out/SKRU_12/D20000/00040_010.pk
10210.526315789473, 2000.0, 20000.0 ../out/SKRU_12/D20000/00041_010.pk
10210.526315789473, 6105.263157894737, 20000.0 ../out/SKRU_12/D20000/00042_010.pk
10210.526315789473, 10210.526315789473, 20000.0 ../out/SKRU_12/D20000/00043_010.pk
10210.526315789473, 14315.78947368421, 20000.0 ../out/SKRU_12/D20000/00044_010.pk
10210.526315789473, 18421.052631578947, 20000.0 ../out/SKRU_12/D20000/00045_010.pk
10210.526315789473, 22526.315789473683, 20000.0 ../out/SKRU_12/D20000/00046_010.pk
10210.526315789473, 26631.57894736842, 20000.0 ../out/SKRU_12/D20000/00047_010.pk
10210.526315789473, 30736.842105263157, 20000.0 ../out/SKRU_12/D20000/00048_010.pk
10210.526315789473, 34842.10526315789, 20000.0 ../out/SKRU_12/D20000/00049_010.pk
10210.526315789473, 38947.368421052626, 20000.0 ../out/SKRU_12/D20000/00050_010.pk
10210.526315789473, 43052.63157894737, 20000.0 ../out/SKRU_12/D20000/00051_010.pk
10210.526315789473, 47157.89473684211, 20000.0 ../out/SKRU_12/D20000/00052_010.pk
10210.526315789473, 51263.15789473684, 20000.0 ../out/SKRU_12/D20000/00053_010.pk
10210.526315789473, 55368.42105263157, 20000.0 ../out/SKRU_12/D20000/00054_010.pk
10210.526315789473, 59473.68421052631, 20000.0 ../out/SKRU_12/D20000/00055_010.pk
10210.526315789473, 63578.94736842105, 20000.0 ../out/SKRU_12/D20000/00056_010.pk
10210.526315789473, 67684.21052631579, 20000.0 ../out/SKRU_12/D20000/00057_010.pk
10210.526315789473, 71789.47368421052, 20000.0 ../out/SKRU_12/D20000/00058_010.pk
10210.526315789473, 75894.73684210525, 20000.0 ../out/SKRU_12/D20000/00059_010.pk
10210.526315789473, 80000.0, 20000.0 ../out/SKRU_12/D20000/00060_010.pk
14315.78947368421, 2000.0, 20000.0 ../out/SKRU_12/D20000/00061_010.pk
14315.78947368421, 6105.263157894737, 20000.0 ../out/SKRU_12/D20000/00062_010.pk
14315.78947368421, 10210.526315789473, 20000.0 ../out/SKRU_12/D20000/00063_010.pk
14315.78947368421, 14315.78947368421, 20000.0 ../out/SKRU_12/D20000/00064_010.pk
14315.78947368421, 18421.052631578947, 20000.0 ../out/SKRU_12/D20000/00065_010.pk
14315.78947368421, 22526.315789473683, 20000.0 ../out/SKRU_12/D20000/00066_010.pk
14315.78947368421, 26631.57894736842, 20000.0 ../out/SKRU_12/D20000/00067_010.pk
14315.78947368421, 30736.842105263157, 20000.0 ../out/SKRU_12/D20000/00068_010.pk
14315.78947368421, 34842.10526315789, 20000.0 ../out/SKRU_12/D20000/00069_010.pk
14315.78947368421, 38947.368421052626, 20000.0 ../out/SKRU_12/D20000/00070_010.pk
14315.78947368421, 43052.63157894737, 20000.0 ../out/SKRU_12/D20000/00071_010.pk
14315.78947368421, 47157.89473684211, 20000.0 ../out/SKRU_12/D20000/00072_010.pk
